
LOG =>
n: 4.659725356,
expected: 4.66


LOG =>
n: 173735326.37837327,
expected: 173735326.38


LOG =>
n: 4.653725356,
expected: 4.65

