
LOG =>
number: 10.1289767789,
expected: 10.12


LOG =>
number: -7488.83485834983,
expected: -7488.83


LOG =>
number: 4.653725356,
expected: 4.65

